0.000000	1.000000
0.050000	72.246290
0.100000	5219.526439
0.150000	377091.421523
0.200000	27243456.249134
0.250000	1968238644.623554
0.300000	142197940186.564060
0.350000	10273273644197.238000
0.400000	742205908398452.620000
0.450000	53621623402655656.000000
0.500000	3873963362189563400.000000
0.550000	279879481061063920000.000000
0.600000	20220254193301645000000.000000
0.650000	1460838351177763500000000.000000
0.700000	105540151368557570000000000.000000
0.750000	7624884397317290700000000000.000000
0.800000	550869610461572110000000000000.000000
0.850000	39798285707367763000000000000000.000000
0.900000	2875278496336228200000000000000000.000000
0.950000	207728204483014440000000000000000000.000000
1.000000	15007592131587066000000000000000000000.000000
1.050000	1084242855459189500000000000000000000000.000000
1.100000	78332523919010445000000000000000000000000.000000
1.150000	5659234250544064800000000000000000000000000.000000
1.200000	408858679641732630000000000000000000000000000.000000
1.250000	29538522796138026000000000000000000000000000000.000000
1.300000	2134048688271766200000000000000000000000000000000.000000
1.350000	154177100708295160000000000000000000000000000000000.000000
1.400000	11138723550898039000000000000000000000000000000000000.000000
1.450000	804731453460619170000000000000000000000000000000000000.000000
1.500000	58138862072452614000000000000000000000000000000000000000.000000
1.550000	4200317097764691400000000000000000000000000000000000000000.000000
1.600000	303457327730083870000000000000000000000000000000000000000000.000000
1.650000	21923666144656006000000000000000000000000000000000000000000000.000000
1.700000	1583903545245271000000000000000000000000000000000000000000000000.000000
1.750000	114431155085439810000000000000000000000000000000000000000000000000.000000
1.800000	8267226431493506900000000000000000000000000000000000000000000000000.000000
1.850000	597276439432545230000000000000000000000000000000000000000000000000000.000000
1.900000	43151006937736985000000000000000000000000000000000000000000000000000000.000000
1.950000	3117500167107989400000000000000000000000000000000000000000000000000000000.000000
2.000000	225227821588073500000000000000000000000000000000000000000000000000000000000.000000
2.050000	16271874546318783000000000000000000000000000000000000000000000000000000000000.000000
2.100000	1175582569614293700000000000000000000000000000000000000000000000000000000000000.000000
2.150000	84931479409272915000000000000000000000000000000000000000000000000000000000000000.000000
2.200000	6135984303522326600000000000000000000000000000000000000000000000000000000000000000.000000
2.250000	443302102294024950000000000000000000000000000000000000000000000000000000000000000000.000000
2.300000	32026932302530955000000000000000000000000000000000000000000000000000000000000000000000.000000
2.350000	2313827043460710700000000000000000000000000000000000000000000000000000000000000000000000.000000
2.400000	167165419918380520000000000000000000000000000000000000000000000000000000000000000000000000.000000
2.450000	12077081428996184000000000000000000000000000000000000000000000000000000000000000000000000000.000000
2.500000	872524328977963740000000000000000000000000000000000000000000000000000000000000000000000000000.000000
2.550000	63036645826583849000000000000000000000000000000000000000000000000000000000000000000000000000000.000000
2.600000	4554163803914433800000000000000000000000000000000000000000000000000000000000000000000000000000000.000000
2.650000	329021439528080430000000000000000000000000000000000000000000000000000000000000000000000000000000000.000000
2.700000	23770578382815739000000000000000000000000000000000000000000000000000000000000000000000000000000000000.000000
2.750000	1717336102668662800000000000000000000000000000000000000000000000000000000000000000000000000000000000000.000000
2.800000	124071162343330400000000000000000000000000000000000000000000000000000000000000000000000000000000000000000.000000
2.850000	8963681192810194200000000000000000000000000000000000000000000000000000000000000000000000000000000000000000.000000
2.900000	647592712188839690000000000000000000000000000000000000000000000000000000000000000000000000000000000000000000.000000
2.950000	46786170978111193000000000000000000000000000000000000000000000000000000000000000000000000000000000000000000000.000000
3.000000	3380127283079664400000000000000000000000000000000000000000000000000000000000000000000000000000000000000000000000.000000
3.050000	244201656407505530000000000000000000000000000000000000000000000000000000000000000000000000000000000000000000000000.000000
3.100000	17642663721774375000000000000000000000000000000000000000000000000000000000000000000000000000000000000000000000000000.000000
3.150000	1274617002106652800000000000000000000000000000000000000000000000000000000000000000000000000000000000000000000000000000.000000
3.200000	92086349753083408000000000000000000000000000000000000000000000000000000000000000000000000000000000000000000000000000000.000000
3.250000	6652897142303813500000000000000000000000000000000000000000000000000000000000000000000000000000000000000000000000000000000.000000
3.300000	480647137222335190000000000000000000000000000000000000000000000000000000000000000000000000000000000000000000000000000000000.000000
3.350000	34724972531294322000000000000000000000000000000000000000000000000000000000000000000000000000000000000000000000000000000000000.000000
3.400000	2508750440640535400000000000000000000000000000000000000000000000000000000000000000000000000000000000000000000000000000000000000.000000
3.450000	181247912226339390000000000000000000000000000000000000000000000000000000000000000000000000000000000000000000000000000000000000000.000000
3.500000	13094489254187971000000000000000000000000000000000000000000000000000000000000000000000000000000000000000000000000000000000000000000.000000
3.550000	946028269908680380000000000000000000000000000000000000000000000000000000000000000000000000000000000000000000000000000000000000000000.000000
3.600000	68347032869584878000000000000000000000000000000000000000000000000000000000000000000000000000000000000000000000000000000000000000000000.000000
3.650000	4937819566985069000000000000000000000000000000000000000000000000000000000000000000000000000000000000000000000000000000000000000000000000.000000
3.700000	356739145101218980000000000000000000000000000000000000000000000000000000000000000000000000000000000000000000000000000000000000000000000000.000000
3.750000	25773079781700610000000000000000000000000000000000000000000000000000000000000000000000000000000000000000000000000000000000000000000000000000.000000
3.800000	1862009399740625700000000000000000000000000000000000000000000000000000000000000000000000000000000000000000000000000000000000000000000000000000.000000
3.850000	134523271339273160000000000000000000000000000000000000000000000000000000000000000000000000000000000000000000000000000000000000000000000000000000.000000
3.900000	9718807291918353200000000000000000000000000000000000000000000000000000000000000000000000000000000000000000000000000000000000000000000000000000000.000000
3.950000	702147771438188280000000000000000000000000000000000000000000000000000000000000000000000000000000000000000000000000000000000000000000000000000000000.000000
4.000000	50727571617309116000000000000000000000000000000000000000000000000000000000000000000000000000000000000000000000000000000000000000000000000000000000000.000000
4.050000	3664878857221807200000000000000000000000000000000000000000000000000000000000000000000000000000000000000000000000000000000000000000000000000000000000000.000000
4.100000	264773901251137650000000000000000000000000000000000000000000000000000000000000000000000000000000000000000000000000000000000000000000000000000000000000000.000000
4.150000	19128932091602897000000000000000000000000000000000000000000000000000000000000000000000000000000000000000000000000000000000000000000000000000000000000000000.000000
4.200000	1381994377980949000000000000000000000000000000000000000000000000000000000000000000000000000000000000000000000000000000000000000000000000000000000000000000000.000000
4.250000	99843966805096798000000000000000000000000000000000000000000000000000000000000000000000000000000000000000000000000000000000000000000000000000000000000000000000.000000
4.300000	7213356194647772100000000000000000000000000000000000000000000000000000000000000000000000000000000000000000000000000000000000000000000000000000000000000000000000.000000
4.350000	521138224530229950000000000000000000000000000000000000000000000000000000000000000000000000000000000000000000000000000000000000000000000000000000000000000000000000.000000
4.400000	37650303373072504000000000000000000000000000000000000000000000000000000000000000000000000000000000000000000000000000000000000000000000000000000000000000000000000000.000000
4.450000	2720094741394595700000000000000000000000000000000000000000000000000000000000000000000000000000000000000000000000000000000000000000000000000000000000000000000000000000.000000
4.500000	196516753898302880000000000000000000000000000000000000000000000000000000000000000000000000000000000000000000000000000000000000000000000000000000000000000000000000000000.000000
4.550000	14197606419740445000000000000000000000000000000000000000000000000000000000000000000000000000000000000000000000000000000000000000000000000000000000000000000000000000000000.000000
4.600000	1025724392710905200000000000000000000000000000000000000000000000000000000000000000000000000000000000000000000000000000000000000000000000000000000000000000000000000000000000.000000
4.650000	74104782080681837000000000000000000000000000000000000000000000000000000000000000000000000000000000000000000000000000000000000000000000000000000000000000000000000000000000000.000000
4.700000	5353795587050154700000000000000000000000000000000000000000000000000000000000000000000000000000000000000000000000000000000000000000000000000000000000000000000000000000000000000.000000
4.750000	386791869338616190000000000000000000000000000000000000000000000000000000000000000000000000000000000000000000000000000000000000000000000000000000000000000000000000000000000000000.000000
4.800000	27944277616488610000000000000000000000000000000000000000000000000000000000000000000000000000000000000000000000000000000000000000000000000000000000000000000000000000000000000000000.000000
4.850000	2018870388466630200000000000000000000000000000000000000000000000000000000000000000000000000000000000000000000000000000000000000000000000000000000000000000000000000000000000000000000.000000
4.900000	145855895842605080000000000000000000000000000000000000000000000000000000000000000000000000000000000000000000000000000000000000000000000000000000000000000000000000000000000000000000000.000000
4.950000	10537547369847161000000000000000000000000000000000000000000000000000000000000000000000000000000000000000000000000000000000000000000000000000000000000000000000000000000000000000000000000.000000
5.000000	761298704658448670000000000000000000000000000000000000000000000000000000000000000000000000000000000000000000000000000000000000000000000000000000000000000000000000000000000000000000000000.000000
