0.000000	1.000000
0.050000	119400.468465
0.100000	14256471869.671434
0.150000	1702229419897459.200000
0.200000	203246990170732920000.000000
0.250000	24267785840495247000000000.000000
0.300000	2897584997964439500000000000000.000000
0.350000	345973006174231210000000000000000000.000000
0.400000	41309339013461999000000000000000000000000.000000
0.450000	4932354430188588100000000000000000000000000000.000000
0.500000	588925429600141470000000000000000000000000000000000.000000
0.550000	70317972185232869000000000000000000000000000000000000000.000000
0.600000	8395998820428580900000000000000000000000000000000000000000000.000000
0.650000	1002486192391110300000000000000000000000000000000000000000000000000.000000
0.700000	119697321001234550000000000000000000000000000000000000000000000000000000.000000
0.750000	14291916201557889000000000000000000000000000000000000000000000000000000000000.000000
0.800000	1706461489729132000000000000000000000000000000000000000000000000000000000000000000.000000
0.850000	203752301291211430000000000000000000000000000000000000000000000000000000000000000000000.000000
0.900000	24328120225000977000000000000000000000000000000000000000000000000000000000000000000000000000.000000
0.950000	2904788951738974100000000000000000000000000000000000000000000000000000000000000000000000000000000.000000
1.000000	346833161629711090000000000000000000000000000000000000000000000000000000000000000000000000000000000000.000000
1.050000	41412041977799055000000000000000000000000000000000000000000000000000000000000000000000000000000000000000000.000000
1.100000	4944617212243182000000000000000000000000000000000000000000000000000000000000000000000000000000000000000000000000.000000
1.150000	590389611522144830000000000000000000000000000000000000000000000000000000000000000000000000000000000000000000000000000.000000
1.200000	70492796192638109000000000000000000000000000000000000000000000000000000000000000000000000000000000000000000000000000000000.000000
1.250000	8416872888811704600000000000000000000000000000000000000000000000000000000000000000000000000000000000000000000000000000000000000.000000
1.300000	1004978565934826900000000000000000000000000000000000000000000000000000000000000000000000000000000000000000000000000000000000000000000.000000
1.350000	119994911569944190000000000000000000000000000000000000000000000000000000000000000000000000000000000000000000000000000000000000000000000000.000000
1.400000	14327448654872601000000000000000000000000000000000000000000000000000000000000000000000000000000000000000000000000000000000000000000000000000000.000000
1.450000	1710704081300621100000000000000000000000000000000000000000000000000000000000000000000000000000000000000000000000000000000000000000000000000000000000.000000
1.500000	204258868712353110000000000000000000000000000000000000000000000000000000000000000000000000000000000000000000000000000000000000000000000000000000000000000.000000
1.550000	24388604612394427000000000000000000000000000000000000000000000000000000000000000000000000000000000000000000000000000000000000000000000000000000000000000000000.000000
1.600000	2912010815928573500000000000000000000000000000000000000000000000000000000000000000000000000000000000000000000000000000000000000000000000000000000000000000000000000.000000
1.650000	347695455597140200000000000000000000000000000000000000000000000000000000000000000000000000000000000000000000000000000000000000000000000000000000000000000000000000000000.000000
1.700000	41515000281464665000000000000000000000000000000000000000000000000000000000000000000000000000000000000000000000000000000000000000000000000000000000000000000000000000000000000.000000
1.750000	4956910481933221400000000000000000000000000000000000000000000000000000000000000000000000000000000000000000000000000000000000000000000000000000000000000000000000000000000000000000.000000
1.800000	591857433682102570000000000000000000000000000000000000000000000000000000000000000000000000000000000000000000000000000000000000000000000000000000000000000000000000000000000000000000000.000000
1.850000	70668054846160430000000000000000000000000000000000000000000000000000000000000000000000000000000000000000000000000000000000000000000000000000000000000000000000000000000000000000000000000000.000000
1.900000	8437798854144820900000000000000000000000000000000000000000000000000000000000000000000000000000000000000000000000000000000000000000000000000000000000000000000000000000000000000000000000000000000.000000
1.950000	1007477135998684500000000000000000000000000000000000000000000000000000000000000000000000000000000000000000000000000000000000000000000000000000000000000000000000000000000000000000000000000000000000000.000000
2.000000	120293242006061530000000000000000000000000000000000000000000000000000000000000000000000000000000000000000000000000000000000000000000000000000000000000000000000000000000000000000000000000000000000000000000.000000
2.050000	14363069448702389000000000000000000000000000000000000000000000000000000000000000000000000000000000000000000000000000000000000000000000000000000000000000000000000000000000000000000000000000000000000000000000000.000000
2.100000	1714957220770994600000000000000000000000000000000000000000000000000000000000000000000000000000000000000000000000000000000000000000000000000000000000000000000000000000000000000000000000000000000000000000000000000000.000000
2.150000	204766695557562760000000000000000000000000000000000000000000000000000000000000000000000000000000000000000000000000000000000000000000000000000000000000000000000000000000000000000000000000000000000000000000000000000000000.000000
2.200000	24449239375611582000000000000000000000000000000000000000000000000000000000000000000000000000000000000000000000000000000000000000000000000000000000000000000000000000000000000000000000000000000000000000000000000000000000000000.000000
2.250000	2919250635061968300000000000000000000000000000000000000000000000000000000000000000000000000000000000000000000000000000000000000000000000000000000000000000000000000000000000000000000000000000000000000000000000000000000000000000000.000000
2.300000	348559893393269670000000000000000000000000000000000000000000000000000000000000000000000000000000000000000000000000000000000000000000000000000000000000000000000000000000000000000000000000000000000000000000000000000000000000000000000000.000000
2.350000	41618214559281412000000000000000000000000000000000000000000000000000000000000000000000000000000000000000000000000000000000000000000000000000000000000000000000000000000000000000000000000000000000000000000000000000000000000000000000000000000.000000
2.400000	4969234315056822500000000000000000000000000000000000000000000000000000000000000000000000000000000000000000000000000000000000000000000000000000000000000000000000000000000000000000000000000000000000000000000000000000000000000000000000000000000000.000000
2.450000	593328905130345710000000000000000000000000000000000000000000000000000000000000000000000000000000000000000000000000000000000000000000000000000000000000000000000000000000000000000000000000000000000000000000000000000000000000000000000000000000000000000.000000
2.500000	70843749226413580000000000000000000000000000000000000000000000000000000000000000000000000000000000000000000000000000000000000000000000000000000000000000000000000000000000000000000000000000000000000000000000000000000000000000000000000000000000000000000000.000000
2.550000	8458776845453721200000000000000000000000000000000000000000000000000000000000000000000000000000000000000000000000000000000000000000000000000000000000000000000000000000000000000000000000000000000000000000000000000000000000000000000000000000000000000000000000000.000000
2.600000	1009981917988422600000000000000000000000000000000000000000000000000000000000000000000000000000000000000000000000000000000000000000000000000000000000000000000000000000000000000000000000000000000000000000000000000000000000000000000000000000000000000000000000000000000.000000
2.650000	120592314149039060000000000000000000000000000000000000000000000000000000000000000000000000000000000000000000000000000000000000000000000000000000000000000000000000000000000000000000000000000000000000000000000000000000000000000000000000000000000000000000000000000000000000.000000
2.700000	14398778802678745000000000000000000000000000000000000000000000000000000000000000000000000000000000000000000000000000000000000000000000000000000000000000000000000000000000000000000000000000000000000000000000000000000000000000000000000000000000000000000000000000000000000000000.000000
2.750000	1719220934364355100000000000000000000000000000000000000000000000000000000000000000000000000000000000000000000000000000000000000000000000000000000000000000000000000000000000000000000000000000000000000000000000000000000000000000000000000000000000000000000000000000000000000000000000.000000
2.800000	205275784958010820000000000000000000000000000000000000000000000000000000000000000000000000000000000000000000000000000000000000000000000000000000000000000000000000000000000000000000000000000000000000000000000000000000000000000000000000000000000000000000000000000000000000000000000000000.000000
2.850000	24510024888515670000000000000000000000000000000000000000000000000000000000000000000000000000000000000000000000000000000000000000000000000000000000000000000000000000000000000000000000000000000000000000000000000000000000000000000000000000000000000000000000000000000000000000000000000000000000.000000
2.900000	2926508453778604400000000000000000000000000000000000000000000000000000000000000000000000000000000000000000000000000000000000000000000000000000000000000000000000000000000000000000000000000000000000000000000000000000000000000000000000000000000000000000000000000000000000000000000000000000000000000.000000
2.950000	349426480348070410000000000000000000000000000000000000000000000000000000000000000000000000000000000000000000000000000000000000000000000000000000000000000000000000000000000000000000000000000000000000000000000000000000000000000000000000000000000000000000000000000000000000000000000000000000000000000000.000000
3.000000	41721685447650311000000000000000000000000000000000000000000000000000000000000000000000000000000000000000000000000000000000000000000000000000000000000000000000000000000000000000000000000000000000000000000000000000000000000000000000000000000000000000000000000000000000000000000000000000000000000000000000000.000000
3.050000	-1.#IND00
3.100000	-1.#IND00
3.150000	-1.#IND00
3.200000	-1.#IND00
3.250000	-1.#IND00
3.300000	-1.#IND00
3.350000	-1.#IND00
3.400000	-1.#IND00
3.450000	-1.#IND00
3.500000	-1.#IND00
3.550000	-1.#IND00
3.600000	-1.#IND00
3.650000	-1.#IND00
3.700000	-1.#IND00
3.750000	-1.#IND00
3.800000	-1.#IND00
3.850000	-1.#IND00
3.900000	-1.#IND00
3.950000	-1.#IND00
4.000000	-1.#IND00
4.050000	-1.#IND00
4.100000	-1.#IND00
4.150000	-1.#IND00
4.200000	-1.#IND00
4.250000	-1.#IND00
4.300000	-1.#IND00
4.350000	-1.#IND00
4.400000	-1.#IND00
4.450000	-1.#IND00
4.500000	-1.#IND00
4.550000	-1.#IND00
4.600000	-1.#IND00
4.650000	-1.#IND00
4.700000	-1.#IND00
4.750000	-1.#IND00
4.800000	-1.#IND00
4.850000	-1.#IND00
4.900000	-1.#IND00
4.950000	-1.#IND00
5.000000	-1.#IND00
