0.001000 8.6478064730e-001
0.002000 7.4784556795e-001
0.003000 6.4672237434e-001
0.004000 5.5927299350e-001
0.005000 4.8364846134e-001
0.006000 4.1824982947e-001
0.007000 3.6169435826e-001
0.008000 3.1278628126e-001
0.009000 2.7049152278e-001
0.010000 2.3391583416e-001
0.011000 2.0228588648e-001
0.012000 1.7493291985e-001
0.013000 1.5127860366e-001
0.014000 1.3082280880e-001
0.015000 1.1313303327e-001
0.016000 9.7835257746e-002
0.017000 8.4606037523e-002
0.018000 7.3165663895e-002
0.019000 6.3272250183e-002
0.020000 5.4716617470e-002
0.021000 4.7317871874e-002
0.022000 4.0919579868e-002
0.023000 3.5386460766e-002
0.024000 3.0601526447e-002
0.025000 2.6463607849e-002
0.026000 2.2885215926e-002
0.027000 1.9790691842e-002
0.028000 1.7114607302e-002
0.029000 1.4800381181e-002
0.030000 1.2799083218e-002
0.031000 1.1068399470e-002
0.032000 9.5717376582e-003
0.033000 8.2774534879e-003
0.034000 7.1581815853e-003
0.035000 6.1902569048e-003
0.036000 5.3532143731e-003
0.037000 4.6293561908e-003
0.038000 4.0033776432e-003
0.039000 3.4620435097e-003
0.040000 2.9939082273e-003
0.041000 2.5890738948e-003
0.042000 2.2389809987e-003
0.043000 1.9362274373e-003
0.044000 1.6744120166e-003
0.045000 1.4479991075e-003
0.046000 1.2522016055e-003
0.047000 1.0828797150e-003
0.048000 9.3645342087e-004
0.049000 8.0982679547e-004
0.050000 7.0032254039e-004
0.051000 6.0562537980e-004
0.052000 5.2373310796e-004
0.053000 4.5291425612e-004
0.054000 3.9167148358e-004
0.055000 3.3870991910e-004
0.056000 2.9290978309e-004
0.057000 2.5330271182e-004
0.058000 2.1905128309e-004
0.059000 1.8943131038e-004
0.060000 1.6381653121e-004
0.061000 1.4166536590e-004
0.062000 1.2250946683e-004
0.063000 1.0594381602e-004
0.064000 9.1618161798e-005
0.065000 7.9229613264e-005
0.066000 6.8516236244e-005
0.067000 5.9251515130e-005
0.068000 5.1239563608e-005
0.069000 4.4310982984e-005
0.070000 3.8319280548e-005
0.071000 3.3137772236e-005
0.072000 2.8656904125e-005
0.073000 2.4781936099e-005
0.074000 2.1430938741e-005
0.075000 1.8533061077e-005
0.076000 1.6027032554e-005
0.077000 1.3859867587e-005
0.078000 1.1985745263e-005
0.079000 1.0365040547e-005
0.080000 8.9634864737e-006
0.081000 7.7514496348e-006
0.082000 6.7033036327e-006
0.083000 5.7968872546e-006
0.084000 5.0130359124e-006
0.085000 4.3351764412e-006
0.086000 3.7489766890e-006
0.087000 3.2420424879e-006
0.088000 2.8036556012e-006
0.089000 2.4245471057e-006
0.090000 2.0967014155e-006
0.091000 1.8131868073e-006
0.092000 1.5680088609e-006
0.093000 1.3559837177e-006
0.094000 1.1726284771e-006
0.095000 1.0140664135e-006
0.096000 8.7694500945e-007
0.097000 7.5836507292e-007
0.098000 6.5581943866e-007
0.099000 5.6713995868e-007
0.100000 4.9045166058e-007
0.101000 4.2413310450e-007
0.102000 3.6678210066e-007
0.103000 3.1718606242e-007
0.104000 2.7429636838e-007
0.105000 2.3720619100e-007
0.106000 2.0513132340e-007
0.107000 1.7739359863e-007
0.108000 1.5340655105e-007
0.109000 1.3266301652e-007
0.110000 1.1472440930e-007
0.111000 9.9211448934e-008
0.112000 8.5796141029e-008
0.113000 7.4194842375e-008
0.114000 6.4162263816e-008
0.115000 5.5486284035e-008
0.116000 4.7983464624e-008
0.117000 4.1495171598e-008
0.118000 3.5884221354e-008
0.119000 3.1031980171e-008
0.120000 2.6835855899e-008
0.121000 2.3207128835e-008
0.122000 2.0069075896e-008
0.123000 1.7355348444e-008
0.124000 1.5008569462e-008
0.125000 1.2979120414e-008
0.126000 1.1224092153e-008
0.127000 9.7063776778e-009
0.128000 8.3938875712e-009
0.129000 7.2588715272e-009
0.130000 6.2773316180e-009
0.131000 5.4285148999e-009
0.132000 4.6944746291e-009
0.133000 4.0596908085e-009
0.134000 3.5107420452e-009
0.135000 3.0360217784e-009
0.136000 2.6254928787e-009
0.137000 2.2704754311e-009
0.138000 1.9634632130e-009
0.139000 1.6979649883e-009
0.140000 1.4683672617e-009
0.141000 1.2698155911e-009
0.142000 1.0981119488e-009
0.143000 9.4962596188e-010
0.144000 8.2121815402e-010
0.145000 7.1017356681e-010
0.146000 6.1414435680e-010
0.147000 5.3110015441e-010
0.148000 4.5928513532e-010
0.149000 3.9718089661e-010
0.150000 3.4347435287e-010
0.151000 2.9702997321e-010
0.152000 2.5686577250e-010
0.153000 2.2213254901e-010
0.154000 1.9209592952e-010
0.155000 1.6612084228e-010
0.156000 1.4365808951e-010
0.157000 1.2423273564e-010
0.158000 1.0743406554e-010
0.159000 9.2906900743e-011
0.160000 8.0344089764e-011
0.161000 6.9480013953e-011
0.162000 6.0084971441e-011
0.163000 5.1960320496e-011
0.164000 4.4934279592e-011
0.165000 3.8858295392e-011
0.166000 3.3603901842e-011
0.167000 2.9060003987e-011
0.168000 2.5130529059e-011
0.169000 2.1732395186e-011
0.170000 1.8793754777e-011
0.171000 1.6252475421e-011
0.172000 1.4054826215e-011
0.173000 1.2154341712e-011
0.174000 1.0510839493e-011
0.175000 9.0895705806e-012
0.176000 7.8604847304e-012
0.177000 6.7975950733e-012
0.178000 5.8784286676e-012
0.179000 5.0835513483e-012
0.180000 4.3961568256e-012
0.181000 3.8017113453e-012
0.182000 3.2876463980e-012
0.183000 2.8430929802e-012
0.184000 2.4586517877e-012
0.185000 2.1261944845e-012
0.186000 1.8386918426e-012
0.187000 1.5900651218e-012
0.188000 1.3750575453e-012
0.189000 1.1891231541e-012
0.190000 1.0283306909e-012
0.191000 8.8928048055e-013
0.192000 7.6903254961e-013
0.193000 6.6504446605e-013
0.194000 5.7511758383e-013
0.195000 4.9735055642e-013
0.196000 4.3009913612e-013
0.197000 3.7194140934e-013
0.198000 3.2164773273e-013
0.199000 2.7815473451e-013
0.200000 2.4054283136e-013
0.201000 2.0801678541e-013
0.202000 1.7988889034e-013
0.203000 1.5556443103e-013
0.204000 1.3452910936e-013
0.205000 1.1633817027e-013
0.206000 1.0060699820e-013
0.207000 8.7002985023e-014
0.208000 7.5238497706e-014
0.209000 6.5064796748e-014
0.210000 5.6266777048e-014
0.211000 4.8658419878e-014
0.212000 4.2078859839e-014
0.213000 3.6388983649e-014
0.214000 3.1468488835e-014
0.215000 2.7213340144e-014
0.216000 2.3533569905e-014
0.217000 2.0351375816e-014
0.218000 1.7599475952e-014
0.219000 1.5219686206e-014
0.220000 1.3161690089e-014
0.221000 1.1381974874e-014
0.222000 9.8429115995e-015
0.223000 8.5119594644e-015
0.224000 7.3609778154e-015
0.225000 6.3656311600e-015
0.226000 5.5048746351e-015
0.227000 4.7605090502e-015
0.228000 4.1167960980e-015
0.229000 3.5601255944e-015
0.230000 3.0787277160e-015
0.231000 2.6624241471e-015
0.232000 2.3024128773e-015
0.233000 1.9910820984e-015
0.234000 1.7218492659e-015
0.235000 1.4890219227e-015
0.236000 1.2876773422e-015
0.237000 1.1135584455e-015
0.238000 9.6298379331e-016
0.239000 8.3276974812e-016
0.240000 7.2016316184e-016
0.241000 6.2278316526e-016
0.242000 5.3857082878e-016
0.243000 4.6574562993e-016
0.244000 4.0276780733e-016
0.245000 3.4830580514e-016
0.246000 3.0120811963e-016
0.247000 2.6047895266e-016
0.248000 2.2525715729e-016
0.249000 1.9479803029e-016
0.250000 1.6845756673e-016
0.251000 1.4567884360e-016
0.252000 1.2598024467e-016
0.253000 1.0894527753e-016
0.254000 9.4213767624e-017
0.255000 8.1474242951e-017
0.256000 7.0457348557e-017
0.257000 6.0930151493e-017
0.258000 5.2691215848e-017
0.259000 4.5566343748e-017
0.260000 3.9404892242e-017
0.261000 3.4076588220e-017
0.262000 2.9468774019e-017
0.263000 2.5484025471e-017
0.264000 2.2038092043e-017
0.265000 1.9058115502e-017
0.266000 1.6481089460e-017
0.267000 1.4252527212e-017
0.268000 1.2325309708e-017
0.269000 1.0658689307e-017
0.270000 9.2174282387e-018
0.271000 7.9710535587e-018
0.272000 6.8932128562e-018
0.273000 5.9611170758e-018
0.274000 5.1550586835e-018
0.275000 4.4579949852e-018
0.276000 3.8551877889e-018
0.277000 3.3338917916e-018
0.278000 2.8830851016e-018
0.279000 2.4932362004e-018
0.280000 2.1561024152e-018
0.281000 1.8645556423e-018
0.282000 1.6124316353e-018
0.283000 1.3943996733e-018
0.284000 1.2058498521e-018
0.285000 1.0427956156e-018
0.286000 9.0178946749e-019
0.287000 7.7985007942e-019
0.288000 6.7439925648e-019
0.289000 5.8320742556e-019
0.290000 5.0434649499e-019
0.291000 4.3614908840e-019
0.292000 3.7717329099e-019
0.293000 3.2617216273e-019
0.294000 2.8206737402e-019
0.295000 2.4392640629e-019
0.296000 2.1094283552e-019
0.297000 1.8241928185e-019
0.298000 1.5775266464e-019
0.299000 1.3642145144e-019
0.300000 1.1797463108e-019
0.301000 1.0202217783e-019
0.302000 8.8226804984e-020
0.303000 7.6296833524e-020
0.304000 6.5980025082e-020
0.305000 5.7058248799e-020
0.306000 4.9342869331e-020
0.307000 4.2670758480e-020
0.308000 3.6900846139e-020
0.309000 3.1911137610e-020
0.310000 2.7596134239e-020
0.311000 2.3864602830e-020
0.312000 2.0637646683e-020
0.313000 1.7847037457e-020
0.314000 1.5433772605e-020
0.315000 1.3346827863e-020
0.316000 1.1542078439e-020
0.317000 9.9813660639e-021
0.318000 8.6316922057e-021
0.319000 7.4645203730e-021
0.320000 6.4551727600e-021
0.321000 5.5823084778e-021
0.322000 4.8274723389e-021
0.323000 4.1747046541e-021
0.324000 3.6102037930e-021
0.325000 3.1220343730e-021
0.326000 2.6998749060e-021
0.327000 2.3347995689e-021
0.328000 2.0190894825e-021
0.329000 1.7460695096e-021
0.330000 1.5099671208e-021
0.331000 1.3057903441e-021
0.332000 1.1292222190e-021
0.333000 9.7652952152e-022
0.334000 8.4448383173e-022
0.335000 7.3029327464e-022
0.336000 6.3154349076e-022
0.337000 5.4614658874e-022
0.338000 4.7229700054e-022
0.339000 4.0843330584e-022
0.340000 3.5320521861e-022
0.341000 3.0544503758e-022
0.342000 2.6414295731e-022
0.343000 2.2842571761e-022
0.344000 1.9753813993e-022
0.345000 1.7082716052e-022
0.346000 1.4772802245e-022
0.347000 1.2775233488e-022
0.348000 1.1047774685e-022
0.349000 9.5539017434e-023
0.350000 8.2620293339e-023
0.351000 7.1448430755e-023
0.352000 6.1787220197e-023
0.353000 5.3432392277e-023
0.354000 4.6207298780e-023
0.355000 3.9959177749e-023
0.356000 3.4555923600e-023
0.357000 2.9883293979e-023
0.358000 2.5842494310e-023
0.359000 2.2348088958e-023
0.360000 1.9326194835e-023
0.361000 1.6712919279e-023
0.362000 1.4453009153e-023
0.363000 1.2498682610e-023
0.364000 1.0808618838e-023
0.365000 9.3470843955e-024
0.366000 8.0831776939e-024
0.367000 6.9901756384e-024
0.368000 6.0449686133e-024
0.369000 5.2275718704e-024
0.370000 4.5207029859e-024
0.371000 3.9094164544e-024
0.372000 3.3807876920e-024
0.373000 2.9236397687e-024
0.374000 2.5283070917e-024
0.375000 2.1864310433e-024
0.376000 1.8907832529e-024
0.377000 1.6351127654e-024
0.378000 1.4140138756e-024
0.379000 1.2228118347e-024
0.380000 1.0574640099e-024
0.381000 9.1447441100e-025
0.382000 7.9081977309e-025
0.383000 6.8388563527e-025
0.384000 5.9141106235e-025
0.385000 5.1144084132e-025
0.386000 4.4228414182e-025
0.387000 3.8247876645e-025
0.388000 3.3076023523e-025
0.389000 2.8603505033e-025
0.390000 2.4735757597e-025
0.391000 2.1391004467e-025
0.392000 1.8498526689e-025
0.393000 1.5997167884e-025
0.394000 1.3834041198e-025
0.395000 1.1963411102e-025
0.396000 1.0345726397e-025
0.397000 8.9467839703e-026
0.398000 7.7370056331e-026
0.399000 6.6908127396e-026
0.400000 5.7860853719e-026
0.401000 5.0036946533e-026
0.402000 4.3270983012e-026
0.403000 3.7419908698e-026
0.404000 3.2360012866e-026
0.405000 2.7984312873e-026
0.406000 2.4200292201e-026
0.407000 2.0927944354e-026
0.408000 1.8098081265e-026
0.409000 1.5650870432e-026
0.410000 1.3534569863e-026
0.411000 1.1704434087e-026
0.412000 1.0121768086e-026
0.413000 8.7531091573e-027
0.414000 7.5695194029e-027
0.415000 6.5459738890e-027
0.416000 5.6608315370e-027
0.417000 4.8953775608e-027
0.418000 4.2334277759e-027
0.419000 3.6609864123e-027
0.420000 3.1659501994e-027
0.421000 2.7378524628e-027
0.422000 2.3676418250e-027
0.423000 2.0474908300e-027
0.424000 1.7706304453e-027
0.425000 1.5312069426e-027
0.426000 1.3241581310e-027
0.427000 1.1451063257e-027
0.428000 9.9026578954e-028
0.429000 8.5636269048e-028
0.430000 7.4056588180e-028
0.431000 6.4042704263e-028
0.432000 5.5382891248e-028
0.433000 4.7894052543e-028
0.434000 4.1417849760e-028
0.435000 3.5817354925e-028
0.436000 3.0974155377e-028
0.437000 2.6785850137e-028
0.438000 2.3163884820e-028
0.439000 2.0031679309e-028
0.440000 1.7323008599e-028
0.441000 1.4980602589e-028
0.442000 1.2954935204e-028
0.443000 1.1203177252e-028
0.444000 9.6882908756e-029
0.445000 8.3782464547e-029
0.446000 7.2453453924e-029
0.447000 6.2656344783e-029
0.448000 5.4183994400e-029
0.449000 4.6857269750e-029
0.450000 4.0521260066e-029
0.451000 3.5042001509e-029
0.452000 3.0303644748e-029
0.453000 2.6206005521e-029
0.454000 2.2662446417e-029
0.455000 1.9598045082e-029
0.456000 1.6948010112e-029
0.457000 1.4656311155e-029
0.458000 1.2674494248e-029
0.459000 1.0960657340e-029
0.460000 9.4785643494e-030
0.461000 8.1968790135e-030
0.462000 7.0885023392e-030
0.463000 6.1299996413e-030
0.464000 5.3011050578e-030
0.465000 4.5842930633e-030
0.466000 3.9644079227e-030
0.467000 3.4283432496e-030
0.468000 2.9647648945e-030
0.469000 2.5638713046e-030
0.470000 2.2171862864e-030
0.471000 1.9173797919e-030
0.472000 1.6581129376e-030
0.473000 1.4339039795e-030
0.474000 1.2400124115e-030
0.475000 1.0723387359e-030
0.476000 9.2733778618e-031
0.477000 8.0194377100e-031
0.478000 6.9350545339e-031
0.479000 5.9973009489e-031
0.480000 5.1863497967e-031
0.481000 4.4850549343e-031
0.482000 3.8785887093e-031
0.483000 3.3541284546e-031
0.484000 2.9005853761e-031
0.485000 2.5083700991e-031
0.486000 2.1691899180e-031
0.487000 1.8758734614e-031
0.488000 1.6222190662e-031
0.489000 1.4028636542e-031
0.490000 1.2131693389e-031
0.491000 1.0491253662e-031
0.492000 9.0726331328e-032
0.493000 7.8458375534e-032
0.494000 6.7849284780e-032
0.495000 5.8674748411e-032
0.496000 5.0740786912e-032
0.497000 4.3879650550e-032
0.498000 3.7946272606e-032
0.499000 3.2815202187e-032
0.500000 2.8377951789e-032
0.501000 2.4540703517e-032
0.502000 2.1222325473e-032
0.503000 1.8352656360e-032
0.504000 1.5871022046e-032
0.505000 1.3724952719e-032
0.506000 1.1869073496e-032
0.507000 1.0264145061e-032
0.508000 8.8762340099e-033
0.509000 7.6759953927e-033
0.510000 6.6380522644e-033
0.511000 5.7404591340e-033
0.512000 4.9642379657e-033
0.513000 4.2929769214e-033
0.514000 3.7124833609e-033
0.515000 3.2104837640e-033
0.516000 2.7763642276e-033
0.517000 2.4009460539e-033
0.518000 2.0762916826e-033
0.519000 1.7955368653e-033
0.520000 1.5527455326e-033
0.521000 1.3427842868e-033
0.522000 1.1612138647e-033
0.523000 1.0041952776e-033
0.524000 8.6840864217e-034
0.525000 7.5098298770e-034
0.526000 6.4943555422e-034
0.527000 5.6161929896e-034
0.528000 4.8567750089e-034
0.529000 4.2000450360e-034
0.530000 3.6321176649e-034
0.531000 3.1409850654e-034
0.532000 2.7162630980e-034
0.533000 2.3489717601e-034
0.534000 2.0313453192e-034
0.535000 1.7566681201e-034
0.536000 1.5191325940e-034
0.537000 1.3137164679e-034
0.538000 1.1360765775e-034
0.539000 9.8245703810e-035
0.540000 8.4960983335e-035
0.541000 7.3472614164e-035
0.542000 6.3537694836e-035
0.543000 5.4946168868e-035
0.544000 4.7516383481e-035
0.545000 4.1091248864e-035
0.546000 3.5534916791e-035
0.547000 3.0729908345e-035
0.548000 2.6574630030e-035
0.549000 2.2981225759e-035
0.550000 1.9873719288e-035
0.551000 1.7186407830e-035
0.552000 1.4862472888e-035
0.553000 1.2852778925e-035
0.554000 1.1114834478e-035
0.555000 9.6118937546e-036
0.556000 8.3121797030e-036
0.557000 7.1882121440e-036
0.558000 6.2162267509e-036
0.559000 5.3756725934e-036
0.560000 4.6487776250e-036
0.561000 4.0201729237e-036
0.562000 3.4765677433e-036
0.563000 3.0064685034e-036
0.564000 2.5999357785e-036
0.565000 2.2483741455e-036
0.566000 1.9443504489e-036
0.567000 1.6814366398e-036
0.568000 1.4540738657e-036
0.569000 1.2574549388e-036
0.570000 1.0874226960e-036
0.571000 9.4038210291e-037
0.572000 8.1322424367e-037
0.573000 7.0326058784e-037
0.574000 6.0816614638e-037
0.575000 5.2593031373e-037
0.576000 4.5481435715e-037
0.577000 3.9331465418e-037
0.578000 3.4013090123e-037
0.579000 2.9413862094e-037
0.580000 2.5436538701e-037
0.581000 2.1997026403e-037
0.582000 1.9022602732e-037
0.583000 1.6450378704e-037
0.584000 1.4225969144e-037
0.585000 1.2302342805e-037
0.586000 1.0638827974e-037
0.587000 9.2002525418e-038
0.588000 7.9562003485e-038
0.589000 6.8803680874e-038
0.590000 5.9500091683e-038
0.591000 5.1454527800e-038
0.592000 4.4496879858e-038
0.593000 3.8480040567e-038
0.594000 3.3276794389e-038
0.595000 2.8777127792e-038
0.596000 2.4885903200e-038
0.597000 2.1520847478e-038
0.598000 1.8610812412e-038
0.599000 1.6094270405e-038
0.600000 1.3918013579e-038
0.601000 1.2036028792e-038
0.602000 1.0408524769e-038
0.603000 9.0010907875e-039
0.604000 7.7839691177e-039
0.605000 6.7314258522e-039
0.606000 5.8212068057e-039
0.607000 5.0340669895e-039
0.608000 4.3533637098e-039
0.609000 3.7647046869e-039
0.610000 3.2556437560e-039
0.611000 2.8154177147e-039
0.612000 2.4347187538e-039
0.613000 2.1054976599e-039
0.614000 1.8207936292e-039
0.615000 1.5745870933e-039
0.616000 1.3616724458e-039
0.617000 1.1775479791e-039
0.618000 1.0183207036e-039
0.619000 8.8062403719e-040
0.620000 7.6154662492e-040
0.621000 6.5857078325e-040
0.622000 5.6951926823e-040
0.623000 4.9250924143e-040
0.624000 4.2591246061e-040
0.625000 3.6832085338e-040
0.626000 3.1851674600e-040
0.627000 2.7544711778e-040
0.628000 2.3820133682e-040
0.629000 2.0599190624e-040
0.630000 1.7813781402e-040
0.631000 1.5405013411e-040
0.632000 1.3321957470e-040
0.633000 1.1520571004e-040
0.634000 9.9627668502e-041
0.635000 8.6156079656e-041
0.636000 7.4506110334e-041
0.637000 6.4431442323e-041
0.638000 5.5719064399e-041
0.639000 4.8184768578e-041
0.640000 4.1669255361e-041
0.641000 3.6034765624e-041
0.642000 3.1162167941e-041
0.643000 2.6948439764e-041
0.644000 2.3304489183e-041
0.645000 2.0153271241e-041
0.646000 1.7428158949e-041
0.647000 1.5071534577e-041
0.648000 1.3033571427e-041
0.649000 1.1271180336e-041
0.650000 9.7470986265e-042
0.651000 8.4291022595e-042
0.652000 7.2893245082e-042
0.653000 6.3036667666e-042
0.654000 5.4512890268e-042
0.655000 4.7141692532e-042
0.656000 4.0767223383e-042
0.657000 3.5254705826e-042
0.658000 3.0487587325e-042
0.659000 2.6365075501e-042
0.660000 2.2800007058e-042
0.661000 1.9717004862e-042
0.662000 1.7050884228e-042
0.663000 1.4745274700e-042
0.664000 1.2751428199e-042
0.665000 1.1027188332e-042
0.666000 9.5360990640e-043
0.667000 8.2466339213e-043
0.668000 7.1315294205e-043
0.669000 6.1672086285e-043
0.670000 5.3332826698e-043
0.671000 4.6121196395e-043
0.672000 3.9884718073e-043
0.673000 3.4491532312e-043
0.674000 2.9827609640e-043
0.675000 2.5794339572e-043
0.676000 2.2306445672e-043
0.677000 1.9290182527e-043
0.678000 1.6681776532e-043
0.679000 1.4426077508e-043
0.680000 1.2475392645e-043
0.681000 1.0788478127e-043
0.682000 9.3296670981e-044
0.683000 8.0681155522e-044
0.684000 6.9771501898e-044
0.685000 6.0337044575e-044
0.686000 5.2178308464e-044
0.687000 4.5122791368e-044
0.688000 3.9021316728e-044
0.689000 3.3744879538e-044
0.690000 2.9181918770e-044
0.691000 2.5235958604e-044
0.692000 2.1823568617e-044
0.693000 1.8872599795e-044
0.694000 1.6320659067e-044
0.695000 1.4113790112e-044
0.696000 1.2205332549e-044
0.697000 1.0554935382e-044
0.698000 9.1277038523e-045
0.699000 7.8934616458e-045
0.700000 6.8261128715e-045
0.701000 5.9030903076e-045
0.702000 5.1048782573e-045
0.703000 4.4145999237e-045
0.704000 3.8176605796e-045
0.705000 3.3014389872e-045
0.706000 2.8550205444e-045
0.707000 2.4689665145e-045
0.708000 2.1351144606e-045
0.709000 1.8464056653e-045
0.710000 1.5967358864e-045
0.711000 1.3808262934e-045
0.712000 1.1941118558e-045
0.713000 1.0326448236e-045
0.714000 8.9301125902e-046
0.715000 7.7225885462e-046
0.716000 6.6783451219e-046
0.717000 5.7753036174e-046
0.718000 4.9943708006e-046
0.719000 4.3190352138e-046
0.720000 3.7350180680e-046
0.721000 3.2299713425e-046
0.722000 2.7932167083e-046
0.723000 2.4155197531e-046
0.724000 2.0888947357e-046
0.725000 1.8064357416e-046
0.726000 1.5621706700e-046
0.727000 1.3509349632e-046
0.728000 1.1682624119e-046
0.729000 1.0102907248e-046
0.730000 8.7367986696e-047
0.731000 7.5554144088e-047
0.732000 6.5337761631e-047
0.733000 5.6502831797e-047
0.734000 4.8862555456e-047
0.735000 4.2255392336e-047
0.736000 3.6541645536e-047
0.737000 3.1600507880e-047
0.738000 2.7327507660e-047
0.739000 2.3632299763e-047
0.740000 2.0436755487e-047
0.741000 1.7673310639e-047
0.742000 1.5283537014e-047
0.743000 1.3216907032e-047
0.744000 1.1429725419e-047
0.745000 9.8842053459e-048
0.746000 8.5476694971e-048
0.747000 7.3918591607e-048
0.748000 6.3923367497e-048
0.749000 5.5279691122e-048
0.750000 4.7804807071e-048
0.751000 4.1340672003e-048
0.752000 3.5750613095e-048
0.753000 3.0916438334e-048
0.754000 2.6735937555e-048
0.755000 2.3120721385e-048
0.756000 1.9994352405e-048
0.757000 1.7290729015e-048
0.758000 1.4952687830e-048
0.759000 1.2930795061e-048
0.760000 1.1182301323e-048
0.761000 9.6702377763e-049
0.762000 8.3626344838e-049
0.763000 7.2318444621e-049
0.764000 6.2539591351e-049
0.765000 5.4083028291e-049
0.766000 4.6769956213e-049
0.767000 4.0445753008e-049
0.768000 3.4976704467e-049
0.769000 3.0247177130e-049
0.770000 2.6157173417e-049
0.771000 2.2620217360e-049
0.772000 1.9561526210e-049
0.773000 1.6916429298e-049
0.774000 1.4629000679e-049
0.775000 1.2650876676e-049
0.776000 1.0940233321e-049
0.777000 9.4609020531e-050
0.778000 8.1816050016e-050
0.779000 7.0752936692e-050
0.780000 6.1185770391e-050
0.781000 5.2912270125e-050
0.782000 4.5757507209e-050
0.783000 3.9570206703e-050
0.784000 3.4219548967e-050
0.785000 2.9592403706e-050
0.786000 2.5590938032e-050
0.787000 2.2130547956e-050
0.788000 1.9138069587e-050
0.789000 1.6550232206e-050
0.790000 1.4312320520e-050
0.791000 1.2377017803e-050
0.792000 1.0703405468e-050
0.793000 9.2560979088e-051
0.794000 8.0044943410e-051
0.795000 6.9221317976e-051
0.796000 5.9861256166e-051
0.797000 5.1766855856e-051
0.798000 4.4766975116e-051
0.799000 3.8713613719e-051
0.800000 3.3478783931e-051
0.801000 2.8951804439e-051
0.802000 2.5036960183e-051
0.803000 2.1651478634e-051
0.804000 1.8723779708e-051
0.805000 1.6191962336e-051
0.806000 1.4002495670e-051
0.807000 1.2109087269e-051
0.808000 1.0471704327e-051
0.809000 9.0557272462e-052
0.810000 7.8312176698e-052
0.811000 6.7722854857e-052
0.812000 5.8565414260e-052
0.813000 5.0646236854e-052
0.814000 4.3797885490e-052
0.815000 3.7875563764e-052
0.816000 3.2754054549e-052
0.817000 2.8325072495e-052
0.818000 2.4494974527e-052
0.819000 2.1182779927e-052
0.820000 1.8318458137e-052
0.821000 1.5841448085e-052
0.822000 1.3699377729e-052
0.823000 1.1846956741e-052
0.824000 1.0245018919e-052
0.825000 8.8596940921e-053
0.826000 7.6616919919e-053
0.827000 6.6256829602e-053
0.828000 5.7297623991e-053
0.829000 4.9549876364e-053
0.830000 4.2849774156e-053
0.831000 3.7055655432e-053
0.832000 3.2045013690e-053
0.833000 2.7711907682e-053
0.834000 2.3964721463e-053
0.835000 2.0724227339e-053
0.836000 1.7921910733e-053
0.837000 1.5498521565e-053
0.838000 1.3402821511e-053
0.839000 1.1590500662e-053
0.840000 1.0023240665e-053
0.841000 8.6679045505e-054
0.842000 7.4958361080e-054
0.843000 6.4822540015e-054
0.844000 5.6057278114e-054
0.845000 4.8477249254e-054
0.846000 4.1922186989e-054
0.847000 3.6253496001e-054
0.848000 3.1351321739e-054
0.849000 2.7112016307e-054
0.850000 2.3445947012e-054
0.851000 2.0275601233e-054
0.852000 1.7533947559e-054
0.853000 1.5163018520e-054
0.854000 1.3112684971e-054
0.855000 1.1339596197e-054
0.856000 9.8062633393e-055
0.857000 8.4802667582e-055
0.858000 7.3335705764e-055
0.859000 6.3419299101e-055
0.860000 5.4843782528e-055
0.861000 4.7427841756e-055
0.862000 4.1014679694e-055
0.863000 3.5468701254e-055
0.864000 3.0672646430e-055
0.865000 2.6525111034e-055
0.866000 2.2938402690e-055
0.867000 1.9836686726e-055
0.868000 1.7154382787e-055
0.869000 1.4834778251e-055
0.870000 1.2828829139e-055
0.871000 1.1094123167e-055
0.872000 9.5939830132e-056
0.873000 8.2966908404e-056
0.874000 7.1748176754e-056
0.875000 6.2046434737e-056
0.876000 5.3656555994e-056
0.877000 4.6401151225e-056
0.878000 4.0126817592e-056
0.879000 3.4700895291e-056
0.880000 3.0008662692e-056
0.881000 2.5950910748e-056
0.882000 2.2441845394e-056
0.883000 1.9407273587e-056
0.884000 1.6783034615e-056
0.885000 1.4513643538e-056
0.886000 1.2551118053e-056
0.887000 1.0853963995e-056
0.888000 9.3862980091e-057
0.889000 8.1170888681e-057
0.890000 7.0195013656e-057
0.891000 6.0703289347e-057
0.892000 5.2495029855e-057
0.893000 4.5396685898e-057
0.894000 3.9258175416e-057
0.895000 3.3949710348e-057
0.896000 2.9359052491e-057
0.897000 2.5389140417e-057
0.898000 2.1956037285e-057
0.899000 1.8987156135e-057
0.900000 1.6419725173e-057
0.901000 1.4199460564e-057
0.902000 1.2279418698e-057
0.903000 1.0619003650e-057
0.904000 9.1831088500e-058
0.905000 7.9413748156e-058
0.906000 6.8675472535e-058
0.907000 5.9389219593e-058
0.908000 5.1358647762e-058
0.909000 4.4413964656e-058
0.910000 3.8408337105e-058
0.911000 3.3214786623e-058
0.912000 2.8723504676e-058
0.913000 2.4839530967e-058
0.914000 2.1480745668e-058
0.915000 1.8576133143e-058
0.916000 1.6064280444e-058
0.917000 1.3892078841e-058
0.918000 1.2013600932e-058
0.919000 1.0389129591e-058
0.920000 8.9843182125e-059
0.921000 7.7694645194e-059
0.922000 6.7188825563e-059
0.923000 5.8103596062e-059
0.924000 5.0246865413e-059
0.925000 4.3452516797e-059
0.926000 3.7576895602e-059
0.927000 3.2495772103e-059
0.928000 2.8101714834e-059
0.929000 2.4301819144e-059
0.930000 2.1015742890e-059
0.931000 1.8174007740e-059
0.932000 1.5716530178e-059
0.933000 1.3591351140e-059
0.934000 1.1753537437e-059
0.935000 1.0164231713e-059
0.936000 8.7898308799e-060
0.937000 7.6012756380e-060
0.938000 6.5734360666e-060
0.939000 5.6845802967e-060
0.940000 4.9159150286e-060
0.941000 4.2511881805e-060
0.942000 3.6763452666e-060
0.943000 3.1792322393e-060
0.944000 2.7493385138e-060
0.945000 2.3775747397e-060
0.946000 2.0560806224e-060
0.947000 1.7780587315e-060
0.948000 1.5376307808e-060
0.949000 1.3297133419e-060
0.950000 1.1499103646e-060
0.951000 9.9442022941e-061
0.952000 8.5995536968e-061
0.953000 7.4367276124e-061
0.954000 6.4311381185e-061
0.955000 5.5615237850e-061
0.956000 4.8094981388e-061
0.957000 4.1591609137e-061
0.958000 3.5967618672e-061
0.959000 3.1104100557e-061
0.960000 2.6898224213e-061
0.961000 2.3261063747e-061
0.962000 2.0115717764e-061
0.963000 1.7395683429e-061
0.964000 1.5043450376e-061
0.965000 1.3009284754e-061
0.966000 1.1250177690e-061
0.967000 9.7289359452e-062
0.968000 8.4133955242e-062
0.969000 7.2757416275e-062
0.970000 6.2919205542e-062
0.971000 5.4411311297e-062
0.972000 4.7053849004e-062
0.973000 4.0691258000e-062
0.974000 3.5189012432e-062
0.975000 3.0430776949e-062
0.976000 2.6315946988e-062
0.977000 2.2757521671e-062
0.978000 1.9680264322e-062
0.979000 1.7019111719e-062
0.980000 1.4717798449e-062
0.981000 1.2727667270e-062
0.982000 1.1006640340e-062
0.983000 9.5183295579e-063
0.984000 8.2312671963e-063
0.985000 7.1182405742e-063
0.986000 6.1557166914e-063
0.987000 5.3233446650e-063
0.988000 4.6035254452e-063
0.989000 3.9810397144e-063
0.990000 3.4427261012e-063
0.991000 2.9772029062e-063
0.992000 2.5746274564e-063
0.993000 2.2264879983e-063
0.994000 1.9254237324e-063
0.995000 1.6650691816e-063
0.996000 1.4399196047e-063
0.997000 1.2452146078e-063
0.998000 1.0768374946e-063
0.999000 9.3122822561e-064
1.000000 8.0530814773e-064